0 
0 
0 
0 
0 
0.006941 
0.001036 
0.000941 
0.001227 
0.001058 
0.000937 
0.001106 
0.000873 
0.000845 
0.000932 
0.000903 
0.00107 
0.000941 
0.000916 
0.000953 
0.001014 
0.000882 
0.000874 
0.000901 
0.000908 
0.000881 
0.001015 
0.000891 
0.001012 
0.000981 
0.000894 
0.000876 
0.000896 
0.001486 
0.000852 
0.00091 
0.000975 
0.000895 
0.001021 
0.000867 
0.000908 
0.000853 
0.001025 
0.000999 
0.001115 
0.002074 
0.001283 
0.001366 
0.001128 
0.001091 
0.000991 
0.001806 
0.000944 
0.000888 
0.001056 
0.000987 
0.003778 
0.001074 
0.000927 
0.001109 
0.000959 
0.000903 
0.000946 
0.000841 
0.001051 
0.000101 
0 
0 
0 
0 
0 
0 
0 
0 
0.00974 
0.000876 
0.000867 
0.001221 
0.000865 
0.001004 
0.001004 
0.000878 
0.000874 
0.001002 
0.000987 
0.000856 
0.000952 
0.001001 
0.000923 
0.000681 
0 
0 
0 
0 
0.005401 
0.000917 
0.000844 
0.000873 
0.000914 
0.000917 
0.000873 
0.000943 
0.000683 
0.000873 
0.001049 
0.000864 
0.001719 
0.000887 
0.000878 
0.000929 
0.00091 
0.000849 
0.000946 
0.004731 
0.001565 
0.001285 
0.00099 
0.000911 
0.000953 
0.000953 
0.001022 
0.000867 
0.000972 
0.000851 
0.000872 
0.001549 
0.002046 
0.000528 
0.00282 
0.000891 
0.00101 
0.001073 
0.002466 
0.000987 
0.00092 
0.001013 
0.00093 
0 
0 
0 
0 
0.0052 
0.000866 
0.00305 
0.001011 
0.001156 
0.000932 
0.002429 
0.001022 
0.000954 
0.000904 
0.000895 
0.001007 
0.000913 
0.000932 
0.000858 
0.001538 
0.001239 
0.000945 
0.003162 
0.000866 
0.000932 
0 
0 
0 
0.003817 
0.000883 
0.00105 
0.003316 
0.008605 
0.001235 
0.000983 
0.000895 
0.001272 
0.002238 
0.004433 
0.001081 
0.000892 
0.000964 
0.000931 
0.002715 
0.000986 
0.000866 
0.001035 
0.00305 
0.000875 
0.00085 
0.003338 
0.000984 
0.001065 
0.002737 
0.000536 
0 
0 
0.005674 
0.003009 
0.000924 
0.000931 
0.002887 
0.000877 
0.000844 
0.002982 
0.000917 
0.003347 
0.000741 
0.000969 
0.002903 
0.000918 
0.000909 
0.002765 
0.000938 
0.002912 
0.000924 
0.000845 
0.001512 
0.00261 
0.000875 
0.002866 
0.000847 
0.00287 
0.000998 
0.000659 
0.003014 
0.000916 
0.003005 
0.001784 
0.000952 
0.003008 
0.000961 
0.000852 
0.002808 
0.000858 
0.001936 
0.002532 
0.00086 
0.003137 
0.000865 
0.000711 
0.002963 
0.000788 
0.003476 
0.000953 
0.000851 
0.002799 
0.00088 
0.003011 
0.000939 
0.000878 
0.001427 
0 
0 
0.006351 
0.000892 
0.002835 
0.000904 
0.000833 
0.002791 
0.000896 
0.001572 
0.003897 
0.001736 
0.003026 
0.000932 
0.000659 
0.002954 
0.002078 
0.002887 
0.000598 
0 
0.00397 
0.000958 
0.000849 
0.0032 
0.001027 
0.003133 
0.000887 
0.000683 
0.002824 
0.000954 
0.001644 
0.002488 
0.000912 
0.00285 
0.000939 
0.000846 
0.002933 
0.001039 
0.003045 
0.000905 
0.00085 
0.003056 
0.000993 
0.000931 
0.002782 
0.000846 
0.003349 
0.001614 
0.000941 
0.002768 
0 
0 
0.00653 
0.001009 
0.002905 
0.000911 
0.001048 
0.002784 
0.001098 
0.002768 
0.000349 
0.001718 
0.00276 
0.001001 
0.000888 
0.002939 
0.000955 
0.003268 
0.000912 
0.001188 
0.002748 
0.00085 
0.000937 
0.002747 
0.001119 
0.002888 
0.000887 
0.00085 
0.002904 
0.000962 
0.002806 
0.000855 
0.000893 
0.002908 
0.001303 
0.002231 
0.004778 
0.000932 
0.002814 
0.001037 
0.000927 
0.003252 
0.001108 
0.000981 
0.003072 
0.001207 
0.002927 
0.000128 
0.002364 
0.003447 
0.000938 
0.002975 
0.000978 
0.000968 
0.002826 
0.00102 
0.00085 
0.00302 
0.000958 
0.002829 
0.000955 
0.000863 
0.003507 
0.00088 
0.000914 
0.002887 
0.000872 
0.002984 
0.000904 
0.000851 
0.003006 
0.001062 
0.002779 
0.001073 
0.001482 
0.003082 
0.00091 
0.000878 
0.002907 
0.00118 
0.002624 
0.000886 
0.000851 
0.00335 
0.001033 
0.000995 
0.00277 
0.000906 
0.002893 
0.001019 
0.000905 
0.00278 
4.8e-05 
0.00374 
0.000988 
0.000842 
0.003051 
0.00088 
0.0011 
0.00468 
0.002524 
0.003053 
0.001067 
0.000858 
0.002898 
0.000913 
0.001171 
0.00279 
0.000931 
0.000181 
0 
0 
0.007501 
0.000905 
0.002818 
0.001017 
0.000858 
0.002987 
0.000898 
0.001018 
0.002832 
0.000882 
0.00093 
0 
0 
0.006823 
0.00085 
0.00096 
0.002785 
0.001094 
0.002829 
0.000943 
0.000848 
0.002397 
0 
0.004566 
0.000927 
0.000913 
0.002786 
0.000863 
0.000901 
0.003502 
0.001223 
0.003239 
0.000702 
0.000198 
0 
0 
0.005841 
0.003064 
0.000887 
0.00339 
0.001038 
0.000894 
0.004559 
0.00104 
0.002746 
0.000919 
0.000862 
0.002796 
0.000992 
0.001143 
0.002928 
0.000965 
0.003602 
0.001009 
0.00093 
0.00288 
0.000995 
0.000926 
0.002814 
0.000853 
0.003277 
0.00092 
0.000876 
0.002855 
0.000877 
0.002637 
0.001041 
0.000852 
0.004813 
0.001857 
0.001961 
0.003559 
0.000971 
0.002767 
0.00095 
0.000877 
0.003179 
0.002306 
0.000892 
0.001384 
0 
0.005374 
0.000871 
0.00104 
0.004124 
0.001065 
0.028275 
0.00339 
0.002451 
0.012348 
0.003715 
0.001965 
0.004463 
0.001884 
0.004732 
0.001148 
0.001338 
0.004846 
0.001211 
0.001859 
0.005874 
0.00183 
0.004454 
0.000983 
0.000878 
0.002962 
0.000988 
0.003595 
0.000802 
0 
0 
0 
0 
0 
0.010674 
0.003172 
0.000876 
0.00114 
0.002729 
0.000803 
0.001019 
0.002966 
0.001353 
0.002893 
0.00066 
0.002696 
0.005985 
0.001003 
0.00326 
0.000964 
0.001017 
0.002785 
0.001036 
0.000869 
0.003029 
0.000903 
0.002645 
0 
0.002711 
0.004684 
0.001426 
0.001036 
0.003117 
0.000844 
0.002808 
0.000846 
0.001756 
0.003049 
0.000989 
0.003607 
0.000977 
0.000872 
0.00298 
0.001136 
0.001503 
0.003082 
0.000928 
0.00288 
0.000867 
0.00093 
0.004112 
0.000475 
0.001722 
0.003093 
0.001074 
0.002008 
0.002234 
0.00085 
0.003015 
0.000953 
0.002805 
0.000986 
0.000914 
0.003422 
0.001175 
0.000878 
0.002146 
0 
0 
0.005594 
0.000857 
0.002853 
0.001132 
0.000948 
0.002962 
0.000542 
0.003557 
0.000838 
0.000844 
0.002826 
0.001101 
0.003542 
0.000905 
0.000946 
0.003068 
0.000894 
0.001107 
0.002797 
0.000918 
0.0025 
0.000863 
0.001686 
0.004536 
0.001048 
0.001878 
0.003156 
0.001085 
0.002945 
0.000902 
0.000845 
0.003129 
0.001069 
0.002849 
0.000889 
0.000871 
0.002803 
0.001172 
0.001172 
0.003458 
0.000992 
0.002888 
0.000522 
0 
0.006469 
0.001401 
0.001872 
0.006993 
0.00184 
0.003631 
0.001365 
0.002885 
0.006373 
0.001751 
0.006153 
0.001886 
0.002908 
0.007239 
0.002552 
0.001859 
0.007079 
0.002882 
0.065006 
0.001474 
0.00133 
0.015032 
0.001096 
0.001356 
0.004363 
0.002803 
0.00586 
0.001435 
0.001406 
0.006246 
0.00154 
0.005245 
0.002973 
0.002678 
0.008507 
0.002307 
0.002247 
0.007059 
0.001991 
0.009958 
0.002294 
0.002387 
0.00935 
0.002418 
0.004673 
0.004923 
0.002181 
0.005525 
0.001279 
0.00129 
0.006156 
0.00281 
0.006951 
0.007045 
0.005796 
0.00921 
0.001982 
0.002341 
0.00414 
0.001564 
0.006892 
0.002241 
0.001274 
0.004279 
0.001105 
0.001272 
0.005213 
0.001049 
0.007194 
0.002038 
0.002934 
0.004992 
0.002196 
0.006541 
0.003806 
0.002655 
0.005632 
0.001551 
0.001761 
0.007031 
0.002203 
0.003299 
0.001172 
0.000949 
0.010122 
0.004251 
0.007182 
0.003511 
0.000668 
0.004627 
0.00264 
0.002217 
0.006581 
0.007312 
0.009444 
0.00229 
0.005316 
0.004994 
0.005248 
0.001769 
0.006368 
0.002037 
0.004933 
0.002206 
0.001917 
0.00326 
0.001137 
0.00516 
0.007392 
0.001681 
0.002968 
0.000864 
0.000859 
0.002947 
0.000979 
0.003006 
0.001724 
0.001367 
0.003001 
0 
0 
0.011268 
0.001032 
0.004642 
0.001085 
0.001316 
0.011754 
0.003367 
0.003646 
0.010516 
0.001028 
0.007723 
0.004074 
0.001916 
0.006977 
0.003719 
0.024298 
0.001992 
0.005445 
0.007276 
0.001227 
0.002338 
0.00571 
0.002819 
0.005026 
0.002277 
0.002931 
0.00502 
0.001523 
0.001931 
0.005287 
0.002043 
0.006156 
0.002598 
0.001553 
0.009466 
0.002194 
0.004194 
0.002233 
0.001361 
0.004227 
0.001696 
0.001411 
0.00439 
0.001329 
0.003384 
0.001252 
0.000995 
0.004213 
0.00171 
0.00126 
0.003712 
0.001006 
0.004098 
0.002147 
0.001547 
0.004024 
0.001354 
0.004015 
0.001175 
0.001094 
0.005155 
0.001297 
0.001287 
0.003164 
0.001681 
0.004012 
0.001697 
0.001063 
0.003745 
0.000982 
0.001001 
0.003495 
0.000982 
0.003033 
0.002137 
0.00309 
0.004171 
0.001707 
0.00353 
0.001583 
0.001565 
0.003995 
0.002196 
0.001394 
0.004619 
0.002736 
0.007009 
0.001468 
0.001505 
0.003494 
0.000956 
0.001318 
0.00452 
0.00173 
0.004444 
0.001172 
0.00126 
0.004238 
0.001291 
0.004203 
0.001195 
0.00165 
0.003176 
0.000901 
0.001055 
0.003203 
0.000868 
0.003522 
0.001128 
0.000872 
0.003014 
0.000936 
0.000925 
0.003224 
0.00099 
0.002614 
0.001062 
0.000882 
0.002809 
0.000928 
0.002251 
0.0024 
0.000938 
0.002843 
0.000855 
0.001232 
0.00288 
0.001239 
0.002755 
0.001044 
0.000871 
0.003144 
0.000933 
0.000878 
0.003024 
0.000902 
0.003125 
0.000994 
0.000644 
0 
0 
0.008024 
0.000895 
0.001005 
0.003012 
0.000991 
0.001037 
0.002699 
0.001571 
0.004503 
0.001299 
0.001137 
0.005304 
0.001065 
0.000901 
0.003136 
0.000869 
0.005406 
0.001173 
0.00093 
0.00365 
0.001081 
0.00291 
0.00085 
0.000247 
0.003969 
0.001011 
0.000867 
0.00185 
0.001857 
0.003107 
0.000918 
0.000983 
0.00338 
0.000939 
0.001085 
0.002896 
0.000406 
0 
0.004546 
0.000914 
0.002897 
0.000998 
0.002831 
0.000858 
0.000956 
0.001954 
0.002296 
0.000949 
0.002947 
0.00094 
0.003007 
0.001039 
0.001145 
0.00275 
0.001484 
0.000849 
0.003047 
0.018637 
0.007983 
0.0027 
0.0024 
0.003842 
0.000931 
0.002758 
0.001011 
0.000887 
0.003651 
0.001184 
0.000969 
0.003025 
0.000883 
0.002984 
0.001017 
0.000917 
0.002996 
0.00085 
0.000923 
0.003133 
0.000916 
0.003053 
0.001573 
0.001285 
0.002894 
0.001794 
0.002841 
0.000958 
0.001152 
0.003558 
0.001051 
0.001059 
0.002881 
0.000985 
0.003213 
0.001044 
0.000993 
0.003665 
0.000899 
0.001145 
0.002895 
0.000822 
0.003228 
0.001026 
0.001019 
0.002933 
0.000861 
