0.001 39.1759
0.002 39.1753
0.003 39.174
0.004 39.172
0.005 39.1693
0.006 39.166
0.007 39.162
0.008 39.1574
0.009 39.152
0.01 39.146
0.011 39.1393
0.012 39.1319
0.013 39.1239
0.014 39.1152
0.015 39.1058
0.016 39.0958
0.017 39.0851
0.018 39.0737
0.019 39.0616
0.02 39.0489
0.021 39.0355
0.022 39.0214
0.023 39.0067
0.024 38.9913
0.025 38.9752
0.026 38.9585
0.027 38.9411
0.028 38.923
0.029 38.9043
0.03 38.8849
0.031 38.8649
0.032 38.8441
0.033 38.8228
0.034 38.8007
0.035 38.7781
0.036 38.7547
0.037 38.7307
0.038 38.7061
0.039 38.6808
0.04 38.6548
0.041 38.6282
0.042 38.6009
0.043 38.573
0.044 38.5444
0.045 38.5152
0.046 38.4854
0.047 38.4549
0.048 38.4237
0.049 38.392
0.05 38.3595
0.051 38.3265
0.052 38.2928
0.053 38.2584
0.054 38.2235
0.055 38.1879
0.056 38.1516
0.057 38.1148
0.058 38.0773
0.059 38.0391
0.06 38.0004
0.061 37.961
0.062 37.921
0.063 37.8804
0.064 37.8392
0.065 37.7974
0.066 37.7549
0.067 37.7119
0.068 37.6682
0.069 37.6239
0.07 37.579
0.071 37.5335
0.072 37.4874
0.073 37.4407
0.074 37.3934
0.075 37.3455
0.076 37.297
0.077 37.2479
0.078 37.1983
0.079 37.148
0.08 37.0971
0.081 37.0457
0.082 36.9937
0.083 36.9411
0.084 36.888
0.085 36.8342
0.086 36.7799
0.087 36.725
0.088 36.6696
0.089 36.6136
0.09 36.557
0.091 36.4999
0.092 36.4422
0.093 36.384
0.094 36.3252
0.095 36.2659
0.096 36.206
0.097 36.1456
0.098 36.0846
0.099 36.0231
0.1 35.9611
0.101 35.8985
0.102 35.8354
0.103 35.7718
0.104 35.7077
0.105 35.643
0.106 35.5778
0.107 35.5121
0.108 35.4459
0.109 35.3792
0.11 35.312
0.111 35.2443
0.112 35.1761
0.113 35.1074
0.114 35.0382
0.115 34.9685
0.116 34.8983
0.117 34.8277
0.118 34.7565
0.119 34.6849
0.12 34.6129
0.121 34.5403
0.122 34.4673
0.123 34.3938
0.124 34.3199
0.125 34.2455
0.126 34.1707
0.127 34.0954
0.128 34.0197
0.129 33.9435
0.13 33.8669
0.131 33.7899
0.132 33.7124
0.133 33.6345
0.134 33.5562
0.135 33.4775
0.136 33.3984
0.137 33.3188
0.138 0.826046
0.139 0.822824
0.14 0.819632
0.141 0.816471
0.142 0.813341
0.143 0.810242
0.144 0.807174
0.145 0.804136
0.146 0.801128
0.147 0.798151
0.148 0.795204
0.149 0.792287
0.15 0.7894
0.151 0.786543
0.152 0.783715
0.153 0.780918
0.154 0.778149
0.155 0.775411
0.156 0.772701
0.157 0.770021
0.158 0.767371
0.159 0.764749
0.16 0.762156
0.161 0.759593
0.162 0.757058
0.163 0.754552
0.164 0.752075
0.165 0.749626
0.166 0.747206
0.167 0.744814
0.168 0.742451
0.169 0.740117
0.17 0.73781
0.171 0.735532
0.172 0.733282
0.173 0.73106
0.174 0.728866
0.175 0.726701
0.176 0.724563
0.177 0.722453
0.178 0.720371
0.179 0.718317
0.18 0.71629
0.181 0.714291
0.182 0.71232
0.183 0.710377
0.184 0.708461
0.185 0.706573
0.186 0.704712
0.187 0.702879
0.188 0.701073
0.189 0.699295
0.19 0.697544
0.191 0.69582
0.192 0.694124
0.193 0.692455
0.194 0.690814
0.195 0.6892
0.196 0.687613
0.197 0.686053
0.198 0.684521
0.199 0.683016
0.2 0.681538
0.201 0.680088
0.202 0.678665
0.203 0.677269
0.204 0.6759
0.205 0.674558
0.206 0.673244
0.207 0.671957
0.208 0.670698
0.209 0.669465
0.21 0.66826
0.211 0.667082
0.212 0.665932
0.213 0.664809
0.214 0.663713
0.215 0.662645
0.216 0.661604
0.217 0.66059
0.218 0.659604
0.219 0.658645
0.22 0.657714
0.221 0.656811
0.222 0.655935
0.223 0.655087
0.224 0.654266
0.225 0.653473
0.226 0.652708
0.227 0.651971
0.228 0.651261
0.229 0.65058
0.23 0.649926
0.231 0.6493
0.232 0.648703
0.233 0.648133
0.234 0.647592
0.235 0.647079
0.236 0.646594
0.237 0.646137
0.238 0.645709
0.239 0.64531
0.24 0.644939
0.241 0.644596
0.242 0.644283
0.243 0.407292
0.244 0.407614
0.245 0.407944
0.246 0.408283
0.247 0.408631
0.248 0.408987
0.249 0.409352
0.25 0.409726
0.251 0.410108
0.252 0.410499
0.253 0.410898
0.254 0.411307
0.255 0.411724
0.256 0.412149
0.257 0.412584
0.258 0.413027
0.259 0.413479
0.26 0.41394
0.261 0.41441
0.262 0.414888
0.263 0.415375
0.264 0.415872
0.265 0.416377
0.266 0.416891
0.267 0.417414
0.268 0.417945
0.269 0.418486
0.27 0.419036
0.271 0.419595
0.272 0.420163
0.273 0.42074
0.274 0.421325
0.275 0.42192
0.276 0.422525
0.277 0.423138
0.278 0.42376
0.279 0.424392
0.28 0.425032
0.281 0.425682
0.282 0.426342
0.283 0.42701
0.284 0.427688
0.285 0.428375
0.286 0.429071
0.287 0.429777
0.288 0.430492
0.289 0.431217
0.29 0.431951
0.291 0.432694
0.292 0.433447
0.293 0.43421
0.294 0.434982
0.295 0.435764
0.296 0.436555
0.297 0.437356
0.298 0.438166
0.299 0.438986
0.3 0.439816
0.301 0.440656
0.302 0.441506
0.303 0.442365
0.304 0.443234
0.305 0.444113
0.306 0.445002
0.307 0.445901
0.308 0.446809
0.309 0.447728
0.31 0.448657
0.311 0.449596
0.312 0.450545
0.313 0.451504
0.314 0.452473
0.315 0.453453
0.316 0.454442
0.317 0.455442
0.318 0.456452
0.319 0.457473
0.32 0.458504
0.321 0.459545
0.322 0.460597
0.323 0.461659
0.324 0.462732
0.325 0.463816
0.326 0.464909
0.327 0.466014
0.328 0.467129
0.329 0.468255
0.33 0.469392
0.331 0.47054
0.332 0.471698
0.333 0.472867
0.334 0.474047
0.335 0.475238
0.336 0.47644
0.337 0.477653
0.338 0.476385
0.339 0.480119
0.34 0.481365
0.341 0.480096
0.342 0.483898
0.343 0.485178
0.344 0.483908
0.345 0.487779
0.346 0.489093
0.347 0.487822
0.348 0.491762
0.349 0.493111
0.35 0.494471
0.351 0.493199
0.352 0.497233
0.353 0.498629
0.354 0.497356
0.355 0.501461
0.356 0.502892
0.357 0.501619
0.358 0.505796
0.359 0.507263
0.36 0.505989
0.361 0.510239
0.362 0.511742
0.363 0.510468
0.364 0.514792
0.365 0.516332
0.366 0.515057
0.367 0.519455
0.368 0.521033
0.369 0.519757
0.37 0.524231
0.371 0.525846
0.372 0.52457
0.373 0.529121
0.374 0.530774
0.375 0.529498
0.376 0.534125
0.377 0.535817
0.378 0.534541
0.379 0.539247
0.38 0.540978
0.381 0.539701
0.382 0.544486
0.383 0.546257
0.384 0.544979
0.385 0.549845
0.386 0.551656
0.387 0.550378
0.388 0.555325
0.389 0.554047
0.39 0.559049
0.391 0.560928
0.392 0.55965
0.393 0.564734
0.394 0.566655
0.395 0.565376
0.396 0.570545
0.397 0.572508
0.398 0.571229
0.399 0.576483
0.4 0.575204
0.401 0.580515
0.402 0.58255
0.403 0.58127
0.404 0.586669
0.405 0.585389
0.406 0.590846
0.407 0.592953
0.408 0.591673
0.409 0.597219
0.41 0.599371
0.411 0.598091
0.412 0.603727
0.413 0.602447
0.414 0.608143
0.415 0.610371
0.416 0.60909
0.417 0.614879
0.418 0.613598
0.419 0.619448
0.42 0.621753
0.421 0.620473
0.422 0.626417
0.423 0.625136
0.424 0.631143
0.425 0.633527
0.426 0.632247
0.427 0.63835
0.428 0.637069
0.429 0.643237
0.43 0.641956
0.431 0.648189
0.432 0.650686
0.433 0.649406
0.434 0.655737
0.435 0.654456
0.436 0.660854
0.437 0.659574
0.438 0.666039
0.439 0.668653
0.44 0.667373
0.441 0.673939
0.442 0.672659
0.443 0.679294
0.444 0.678014
0.445 0.684718
0.446 0.683438
0.447 0.690212
0.448 0.688931
0.449 0.695776
0.45 0.698581
0.451 0.697301
0.452 0.704252
0.453 0.702972
0.454 0.709995
0.455 0.708714
0.456 0.715809
0.457 0.714529
0.458 0.721697
0.459 0.720417
0.46 0.727659
0.461 0.726379
0.462 0.733695
0.463 0.732415
0.464 0.739806
0.465 0.738526
0.466 0.745992
0.467 0.744712
0.468 0.752255
0.469 0.750974
0.47 0.758594
0.471 0.757314
0.472 0.765011
0.473 0.76373
0.474 0.771506
0.475 0.770225
0.476 0.778079
0.477 0.776798
0.478 0.784732
0.479 0.78345
0.48 0.791464
0.481 0.790183
0.482 0.798277
0.483 0.796996
0.484 0.805172
0.485 0.80389
0.486 0.812148
0.487 0.810865
0.488 0.819206
0.489 0.817924
0.49 0.816681
0.491 0.829958
0.492 0.833579
0.493 0.837221
0.494 0.835937
0.495 0.844573
0.496 0.843288
0.497 0.852011
0.498 0.850725
0.499 0.849482
0.5 0.863336
0.501 0.867151
0.502 0.87099
0.503 0.869703
0.504 0.878745
0.505 0.877457
0.506 0.876214
0.507 0.890569
0.508 0.894557
0.509 0.89327
0.51 0.892028
0.511 0.906693
0.512 0.910788
0.513 0.909503
0.514 0.908264
0.515 0.923255
0.516 0.921973
0.517 0.920737
0.518 0.91955
0.519 0.456131
0.52 0.448009
0.521 0.439967
0.522 0.432004
0.523 0.42412
0.524 0.416315
0.525 0.408588
0.526 0.40094
0.527 0.39337
0.528 0.385878
0.529 0.378464
0.53 0.371127
0.531 0.363868
0.532 0.356685
0.533 0.34958
0.534 0.342551
0.535 0.335599
0.536 0.328722
0.537 0.321922
0.538 0.315198
0.539 0.308549
0.54 0.301976
0.541 0.295478
0.542 0.289055
0.543 0.282707
0.544 0.276434
0.545 0.270235
0.546 0.26411
0.547 0.25806
0.548 0.252084
0.549 0.246181
0.55 0.240352
0.551 0.234596
0.552 0.228914
0.553 0.223304
0.554 0.217768
0.555 0.212304
0.556 0.206913
0.557 0.201595
0.558 0.196348
0.559 0.191174
0.56 0.186072
0.561 0.181041
0.562 0.176082
0.563 0.171195
0.564 0.166379
0.565 0.161634
0.566 0.15696
0.567 0.152357
0.568 0.147825
0.569 0.143364
0.57 0.138973
0.571 0.134652
0.572 0.130402
0.573 0.126222
0.574 0.122112
0.575 0.118071
0.576 0.114101
0.577 0.1102
0.578 0.106368
0.579 0.102606
0.58 0.0989136
0.581 0.0952899
0.582 0.0917353
0.583 0.0882497
0.584 0.0848329
0.585 0.0814848
0.586 0.0782054
0.587 0.0749944
0.588 0.0718519
0.589 0.0687778
0.59 0.0657719
0.591 0.0628341
0.592 0.0599644
0.593 0.0571626
0.594 0.0544288
0.595 0.0517627
0.596 0.0491644
0.597 0.0466337
0.598 0.0441706
0.599 0.0417749
0.6 0.0394467
0.601 0.0371858
0.602 0.0349922
0.603 0.0328658
0.604 0.0308065
0.605 0.0288143
0.606 0.0268891
0.607 0.0250309
0.608 0.0232396
0.609 0.0215151
0.61 0.0198574
0.611 0.0182664
0.612 0.0167422
0.613 0.0152846
0.614 0.0138935
0.615 0.0125691
0.616 0.0113111
0.617 0.0101197
0.618 0.00899462
0.619 0.007936
0.62 0.00694374
0.621 0.00601783
0.622 0.00515823
0.623 0.00436492
0.624 0.00363787
0.625 0.00297706
0.626 0.00238247
0.627 0.00185408
0.628 0.00139187
0.629 0.000995839
0.63 0.000665963
0.631 0.000402235
0.632 0.000204647
0.633 7.31931e-05
0.634 7.86897e-06
0.635 8.67266e-06
0.636 7.56042e-05
0.637 0.000208666
0.638 0.000407861
0.639 0.000673197
0.64 0.00100468
0.641 0.00140232
0.642 0.00186614
0.643 0.00239614
0.644 0.00299234
0.645 0.00365476
0.646 0.00438342
0.647 0.00517834
0.648 0.00603955
0.649 0.00696708
0.65 0.00796094
0.651 0.00902118
0.652 0.0101478
0.653 0.0113409
0.654 0.0126005
0.655 0.0139266
0.656 0.0153192
0.657 0.0167784
0.658 0.0183043
0.659 0.0198969
0.66 0.0215562
0.661 0.0232823
0.662 0.0250752
0.663 0.0269351
0.664 0.0288619
0.665 0.0308557
0.666 0.0329166
0.667 0.0350447
0.668 0.0372399
0.669 0.0395024
0.67 0.0418323
0.671 0.0442296
0.672 0.0466943
0.673 0.0492267
0.674 0.0518266
0.675 0.0544943
0.676 0.0572298
0.677 0.0600332
0.678 0.0629045
0.679 0.0658439
0.68 0.0688515
0.681 0.0719273
0.682 0.0750714
0.683 0.078284
0.684 0.0815651
0.685 0.0849148
0.686 0.0883332
0.687 0.0918205
0.688 0.0953767
0.689 0.099002
0.69 0.102696
0.691 0.10646
0.692 0.110293
0.693 0.114196
0.694 0.118168
0.695 0.12221
0.696 0.126322
0.697 0.130504
0.698 0.134756
0.699 0.139078
0.7 0.14347
0.701 0.147933
0.702 0.152467
0.703 0.157071
0.704 0.161747
0.705 0.166493
0.706 0.171311
0.707 0.1762
0.708 0.18116
0.709 0.186192
0.71 0.191296
0.711 0.196472
0.712 0.20172
0.713 0.20704
0.714 0.212433
0.715 0.217898
0.716 0.223436
0.717 0.229047
0.718 0.234731
0.719 0.240488
0.72 0.246319
0.721 0.252223
0.722 0.258201
0.723 0.264253
0.724 0.270379
0.725 0.276579
0.726 0.282854
0.727 0.289203
0.728 0.295628
0.729 0.302127
0.73 0.308702
0.731 0.315352
0.732 0.322077
0.733 0.328879
0.734 0.335756
0.735 0.34271
0.736 0.34974
0.737 0.356847
0.738 0.364031
0.739 0.371291
0.74 0.378629
0.741 0.386045
0.742 0.393538
0.743 0.401109
0.744 0.408758
0.745 0.416486
0.746 0.424292
0.747 0.432177
0.748 0.440141
0.749 0.448184
0.75 0.456307
0.751 0.0034351
0.752 0.00318424
0.753 0.00294294
0.754 0.00271119
0.755 0.00248899
0.756 0.00227631
0.757 0.00207317
0.758 0.00187954
0.759 0.00169543
0.76 0.00152084
0.761 0.00135575
0.762 0.00120016
0.763 0.00105407
0.764 0.000917468
0.765 0.000790357
0.766 0.00067273
0.767 0.000564585
0.768 0.000465917
0.769 0.000376724
0.77 0.000297004
0.771 0.000226754
0.772 0.000165972
0.773 0.000114657
0.774 7.28055e-05
0.775 4.0418e-05
0.776 1.74929e-05
0.777 4.02978e-06
0.778 2.80829e-08
0.779 5.48773e-06
0.78 2.04089e-05
0.781 4.4792e-05
0.782 7.86378e-05
0.783 0.000121947
0.784 0.000174722
0.785 0.000236962
0.786 0.000308672
0.787 0.000389851
0.788 0.000480504
0.789 8.4744e-05
0.79 9.90259e-06
0.791 8.47948e-06
0.792 8.04747e-05
0.793 2.42029e-34
0.794 2.46804e-35
0.795 3.19195e-35
0.796 2.77987e-35
0.797 2.22987e-35
0.798 4.73756e-35
0.799 3.06246e-35
0.8 2.32843e-35
0.801 3.98877e-35
0.802 2.52129e-35
0.803 3.05386e-35
0.804 4.06777e-35
0.805 3.34864e-35
0.806 2.84578e-35
0.807 2.30222e-35
0.808 2.53217e-35
0.809 4.70713e-35
0.81 3.08822e-35
0.811 2.32456e-35
0.812 1.87227e-35
0.813 4.34099e-35
0.814 2.72914e-35
0.815 2.0944e-35
